43 59
8 8 8
                                                                                                                                                                                            
2 1 0 8 16 XOR
2 1 16 8 17 AND
2 1 1 9 18 XOR
2 1 17 9 19 XOR
2 1 18 17 20 XOR
2 1 18 19 21 AND
2 1 17 21 22 XOR
2 1 2 10 23 XOR
2 1 22 10 24 XOR
2 1 23 22 25 XOR
2 1 23 24 26 AND
2 1 22 26 27 XOR
2 1 3 11 28 XOR
2 1 27 11 29 XOR
2 1 28 27 30 XOR
2 1 28 29 31 AND
2 1 27 31 32 XOR
2 1 4 12 33 XOR
2 1 32 12 34 XOR
2 1 33 32 35 XOR
2 1 33 34 36 AND
2 1 32 36 37 XOR
2 1 5 13 38 XOR
2 1 37 13 39 XOR
2 1 38 37 40 XOR
2 1 38 39 41 AND
2 1 37 41 42 XOR
2 1 6 14 43 XOR
2 1 42 14 44 XOR
2 1 43 42 45 XOR
2 1 43 44 46 AND
2 1 42 46 47 XOR
2 1 7 15 48 XOR
2 1 48 47 49 XOR
2 1 0 0 50 XOR
2 1 50 16 51 XOR
2 1 50 20 52 XOR
2 1 50 25 53 XOR
2 1 50 30 54 XOR
2 1 50 35 55 XOR
2 1 50 40 56 XOR
2 1 50 45 57 XOR
2 1 50 49 58 XOR
